[8.8,10.2,24.85,24.95,32.65,34.2,37.6,39.6,42.6,44.5,46.6,48.95,53.05,53.75,57.85,58.35,66.85,68.4,76.25,81.1,87,96.7,111.25,123.25,140.2,153.25,189.05,223.15],
[10,10,10,10,10,10,10,10,10,10,10,10,10,10,10,10,10,10,10,10,10,10,10,10,10,10,10,10],


[12.95,16.2,29.3,29.7,33.6,33.65,36.15,38.2,41.5,46,49,51.5,52.4,59.8,59.95,63.5,67.8,71,72.65,81.55,86.8,97.85,105.85,127.25,144.4,166.95,196.75,228.3],
[10,10,10,10,10,10,10,10,10,10,10,10,10,10,10,10,10,10,10,10,10,10,10,10,10,10,10,10],


[2.95,18.2,25.2,28.1,32,34.4,36.9,38.85,43.25,46.5,47,51.95,53.95,56.9,58.65,64.55,68.5,72.4,76.9,82.5,85,93.7,108.85,131.1,145.65,159.75,186.7,195.6,223.9],
[10,10,10,10,10,10,10,10,10,10,10,10,10,10,10,10,10,10,10,10,10,10,10,10,10,10,10,10,10],


[10.95,16.55,28.1,29,31.85,34.7,37,37.75,41.1,44.2,48.9,49.5,52.15,53,57.7,67.7,69.35,77.6,79.8,81.25,87.15,95.95,104.6,126.5,138.15,152.15,197.2,224.75],
[10,10,10,10,10,10,10,10,10,10,10,10,10,10,10,10,10,10,10,10,10,10,10,10,10,10,10,10],


[10,12.85,23.2,28.25,33.25,33.4,36.1,39.4,41.9,42.15,46.85,48.1,53.55,53.75,56,59.65,62.1,64.7,76.5,76.6,81.85,88.7,94.6,114.85,134.15,137.75,156.3,185.25,192.35],
[10,10,10,10,10,10,10,10,10,10,10,10,10,10,10,10,10,10,10,10,10,10,10,10,10,10,10,10,10],


[16.65,17.35,22.4,29.15,32.4,33.75,38.65,41.55,45,46.25,46.8,51.9,54.8,57.1,59.65,64.95,68.25,74.65,77.85,82.9,86.05,91.6,111.8,123.15,140.6,162.65,189.6,208.65,228.6],
[10,10,10,10,10,10,10,10,10,10,10,10,10,10,10,10,10,10,10,10,10,10,10,10,10,10,10,10,10],


[6,16.4,22.4,23.8,31.7,32.1,38.3,39.6,41.8,42.3,48,49.7,51.05,52.5,56.5,59,64.7,68.1,73,79.3,82.5,83.2,94.7,102,123.35,142.2,152.5,171.4,192,222],
[10,10,10,10,10,10,10,10,10,10,10,10,10,10,10,10,10,10,10,10,10,10,10,10,10,10,10,10,10,10],


[1.05,6,21.1,26,31.5,33.5,36.8,38.45,43.45,44.25,46.25,48.8,52.8,53.8,58.8,59.7,68.5,69.2,71,75.25,83.9,89.5,89.9,98.7,113.6,132.6,145.8,155.8,173.3,206.2,216.15],
[10,10,10,10,10,10,10,10,10,10,10,10,10,10,10,10,10,10,10,10,10,10,10,10,10,10,10,10,10,10,10],


[5.2,10.4,23.6,25.55,32.75,34.75,37.95,39.3,41.7,41.8,49.7,50,51.25,57,58.2,61.3,64.15,73,77.3,84.2,87.15,95.45,102.15,123.8,145.75,160.95,180.95,207.6,225.9],
[10,10,10,10,10,10,10,10,10,10,10,10,10,10,10,10,10,10,10,10,10,10,10,10,10,10,10,10,10],


[12,17.7,23.05,25.05,33,34.95,36,40,44.3,49.6,49.9,53.2,54.8,58.45,59.2,64,66.1,74.3,75.1,81.45,87.25,95.2,112.1,133.7,139.8,156.65,183.45,198.95,217.7],
[10,10,10,10,10,10,10,10,10,10,10,10,10,10,10,10,10,10,10,10,10,10,10,10,10,10,10,10,10],


[6.95,16.5,22.3,27.35,32.3,32.4,37.3,38.9,45,47.3,48.6,54.3,58,65.6,69.4,78.75,81.9,84.75,96.2,109.2,121.8,146.1,165.65,178.3,206.2,208,211.15],
[10,10,10,10,10,10,10,10,10,10,10,10,10,10,10,10,10,10,10,10,10,10,10,10,10,10,10],


[1.7,8.8,22.1,23.2,31.1,32.8,36.2,37.45,42.8,44.6,46.8,50,54.4,59.7,60,61.95,68.25,75.2,79.2,81.9,84.15,94.95,115.55,132.65,143.2,152.35,181.6,202.75,226.8],
[10,10,10,10,10,10,10,10,10,10,10,10,10,10,10,10,10,10,10,10,10,10,10,10,10,10,10,10,10],


