"ProValues":[
[0,0.15,0.25,0.3,0.4,0.5,0.55,0.6,0.65,0.7,0.75,0.8,0.9,1,1.05,1.15,1.2,1.25,1.3,1.4,1.5,1.6,1.75,1.8,1.85,1.9,2,2.1,2.15,2.25,2.3,2.5,2.6,2.65,2.75,2.8,2.85,3,3.05,3.1,3.15,3.25,3.35,3.4,3.5,3.75,3.9,3.95,4,4.2,4.25,4.3,4.4,4.5,4.55,4.8,5,5.25,5.3,5.45,5.7,5.8,6.1,6.2,7.1,7.6,7.9,8,8.4,8.5,9.1,9.55,10,10.05,10.15,10.2,10.4,10.45,10.5,10.55,10.6,10.65,10.8,10.85,10.9,10.95,11,11.05,11.15,11.2,11.25,11.35,11.4,11.45,11.5,11.55,11.6,11.65,11.7,11.85,11.95,12,12.05,12.1,12.15,12.2,12.25,12.3,12.45,12.55,12.65,12.7,12.75,12.8,12.9,13,13.05,13.2,13.4,13.45,13.5,13.55,13.6,13.7,13.9,13.95,14,14.05,14.1,14.2,14.25,14.3,14.35,14.4,14.5,14.55,14.6,14.7,14.75,14.95,15,15.2,15.3,15.4,15.5,15.55,15.65,15.9,15.95,16,16.15,16.25,16.4,16.45,16.55,16.7,16.95,17.15,17.2,17.25,17.3,17.5,17.7,17.95,18.15,18.3,18.5,18.65,18.8,19.1,19.15,19.5,19.75,19.95,20.15,20.55,20.8,21.15,21.35,22.2,22.3,22.5,22.55,22.65,22.85,23,23.1,23.35,24.65,25.85,26.05,26.3,26.35,26.7,26.75,26.85,28.65,28.95,29.25,29.5,29.55,29.75,29.95,30.05,30.25,30.4,30.55,30.65,30.7,30.75,30.9,30.95,31.05,31.25,31.4,31.75,32,32.2,32.3,32.35,32.4,32.65,32.7,33.15,34.7,35.5,35.7,35.95,37.35,37.7,38.15,38.5,39.45,39.5,40.6,41.3,41.65,43.85,43.9,44.95,45.2,46.35,46.4,48.75,52.25,53.2,53.8,57.35,60.65,61.2,64.45,87.45,125.1],
[10,10,10,10,10,10,10,10,10,10,10,10,10,10,10,10,10,10,10,10,10,10,10,10,10,10,10,10,10,10,10,10,10,10,10,10,10,10,10,10,10,10,10,10,10,10,10,10,10,10,10,10,10,10,10,10,10,10,10,10,10,10,10,10,10,10,10,10,10,10,10,10,10,10,10,10,10,10,10,10,10,10,10,10,10,10,10,10,10,10,10,10,10,10,10,10,10,10,10,10,10,10,10,10,10,10,10,10,10,10,10,10,10,10,10,10,10,10,10,10,10,10,10,10,10,10,10,10,10,10,10,10,10,10,10,10,10,10,10,10,10,10,10,10,10,10,10,10,10,10,10,10,10,10,10,10,10,10,10,10,10,10,10,10,10,10,10,10,10,10,10,10,10,10,10,10,10,10,10,10,10,10,10,10,10,10,10,10,10,10,10,10,10,10,10,10,10,10,10,10,10,10,10,10,10,10,10,10,10,10,10,10,10,10,10,10,10,10,10,10,10,10,10,10,10,10,10,10,10,10,10,10,10,10,10,10,10,10,10,10,10,10,10,10,10,10,10,10,10,10,10,10,10]
],
"freeProValues":[
[4,5,7,9,22,23,26,31,32,33,34,35,36,37,38,39,40,41,42,44,47,48,51,52,56,60,64,67,77,80,83,89,91,92,107,112,113,123,128,129,140,143,150,155,157,158,159,165,178,183,184,186,187,194,197,203,209,210,218,221,225,230],
[10,10,10,10,10,10,10,10,10,10,10,10,10,10,10,10,10,10,10,10,10,10,10,10,10,10,10,10,10,10,10,10,10,10,10,10,10,10,10,10,10,10,10,10,10,10,10,10,10,10,10,10,10,10,10,10,10,10,10,10,10,10]
],
"freeInfreeProValues":[
[],
[]
],
"buyfreeProValues":[
[4,5,7,9,22,23,26,31,32,33,34,35,36,37,38,39,40,41,42,44,47,48,51,52,56,60,64,67,77,80,83,89,91,92,107,112,113,123,128,129,140,143,150,155,157,158,159,165,178,183,184,186,187,194,197,203,209,210,218,221,225,230],
[10,10,10,10,10,10,10,10,10,10,10,10,10,10,10,10,10,10,10,10,10,10,10,10,10,10,10,10,10,10,10,10,10,10,10,10,10,10,10,10,10,10,10,10,10,10,10,10,10,10,10,10,10,10,10,10,10,10,10,10,10,10]
]
