[12.96,15.04,15.36,17.16,17.96,18,18.48,19.6,21.68,24.04,24.16,24.48,25.2,25.48,25.96,28.08,28.24,28.96,31.36,32.24,32.56,32.76,32.84,33.08,33.36,33.48,33.84,34.52,36.04,36.28,36.48,36.64,37.48,37.56,38.96,39.16,39.24,39.6,41,42.12,42.28,42.44,42.84,43.48,43.6,44,44.44,45,46.04,46.08,46.96,47.68,48.44,49.36,49.44,49.76,51.6,51.68,53.24,53.48,56.56,57.84,58,59.2,62.12,64.88,67.08,68.68,72.88,73.76,74.16,78.84,83.28,85.76,86.44,87.52,93.32,93.6,94.56,95.24,103.28,105.8,105.84,106.68,114.64,117.72,126.84,127.8,137.96,141.6,144.8,156.12,166.24,181.36],
[10,10,10,10,10,10,10,10,10,10,10,10,10,10,10,10,10,10,10,10,10,10,10,10,10,10,10,10,10,10,10,10,10,10,10,10,10,10,10,10,10,10,10,10,10,10,10,10,10,10,10,10,10,10,10,10,10,10,10,10,10,10,10,10,10,10,10,10,10,10,10,10,10,10,10,10,10,10,10,10,10,10,10,10,10,10,10,10,10,10,10,10,10,10],


[2.48,4.48,5.92,6.44,8.56,8.64,9.44,9.64,12.68,14.4,15.2,16.36,17.96,21.04,22.28,24.88,25.12,25.96,31.28,32.96,33.04,34,37.6,38.48,38.96,41.68,42.72,43.04,43.12,44.88,48.4,51.68,52.84,56.4,56.96,66.72,69.84,73.28,77.72,84.32,91.08,91.28,109.36,110.8,115.16,121.44,137.12,143.28,163.92,166.08,179.68,191.52,204.4,215.04,231.08,236.96],
[10,10,10,10,10,10,10,10,10,10,10,10,10,10,10,10,10,10,10,10,10,10,10,10,10,10,10,10,10,10,10,10,10,10,10,10,10,10,10,10,10,10,10,10,10,10,10,10,10,10,10,10,10,10,10,10],


[2,5.8,6.8,7.4,11,14,16.4,16.6,20,21.2,22,23.88,27,28.8,33.2,35,38,41.4,42.12,46.4,48.4,51.2,53.6,68.6,70,73.2,74,87.4,89.4,99.4,105.2,106.8,113,140.8,141.6,162,164.08,165,172.4,178,179,194.8,205.2,207.2,218.48,245.8],
[10,10,10,10,10,10,10,10,10,10,10,10,10,10,10,10,10,10,10,10,10,10,10,10,10,10,10,10,10,10,10,10,10,10,10,10,10,10,10,10,10,10,10,10,10,10],


